1,1;1,11|1,2;1,11|2,2;1,11|3,2;1,11|4,2;1,10|5,2;1,9|6,2;1,8|7,2;1,8|7,3;2,8|8,3;3,8|9,3;3,9|9,3;3,9
1,1;11,1|2,1;11,1|3,1;11,2|3,2;11,1|4,2;11,1|5,2;11,1|6,2;10,1|7,2;10,1|7,3;10,2|8,3;9,2|9,3;9,3|9,3;9,3
1,1;11,11|2,1;11,11|2,2;11,11|3,2;11,11|4,2;11,10|5,2;11,10|6,2;11,9|7,2;11,9|7,3;11,9|8,3;10,9|9,3;9,9|9,3;9,9
1,11;1,1|1,10;1,1|2,10;1,1|3,10;1,1|4,10;1,1|5,10;1,2|6,10;1,2|7,10;2,2|8,10;2,2|9,10;2,3|9,9;3,3|9,9;3,3
1,11;11,1|1,10;11,1|2,10;11,1|3,10;11,1|4,10;11,1|5,10;11,1|6,10;11,1|7,10;11,2|8,10;10,2|8,9;10,3|9,9;9,3|9,9;9,3
1,11;11,11|1,10;11,11|2,10;10,11|3,10;10,10|4,10;10,10|5,10;9,10|6,10;8,10|7,10;8,11|8,10;9,11|8,9;9,10|9,9;9,9|9,9;9,9
11,1;1,1|11,2;1,2|11,3;1,3|10,3;2,3|9,3;3,3|9,3;3,3
11,1;1,11|11,2;2,11|10,2;2,10|10,3;2,9|9,3;3,9|9,3;3,9
11,1;11,11|10,1;10,11|10,2;10,10|9,2;9,10|9,3;9,9|9,3;9,9
11,11;1,1|11,10;2,1|10,10;3,1|9,10;3,2|9,9;3,3|9,9;3,3
11,11;1,11|11,10;1,10|10,10;2,10|9,10;2,9|9,9;3,9|9,9;3,9
11,11;11,1|10,11;11,2|10,10;10,2|10,9;9,2|9,9;9,3|9,9;9,3