1,1;1,11|1,2;1,11|2,2;1,11|3,2;1,10|4,2;2,10|5,2;1,10|6,2;2,10|7,2;2,9|8,2;2,10|9,2;2,9|9,3;3,9|9,3;3,9
1,1;11,1|2,1;11,2|2,2;10,2|3,2;10,3|4,2;10,4|5,2;10,5|6,2;10,6|7,2;10,7|7,3;10,8|8,3;10,9|9,3;9,9|9,3;9,9
1,1;11,11|2,1;11,11|2,2;11,11|3,2;10,11|4,2;11,11|5,2;10,11|6,2;10,11|7,2;10,11|8,2;9,11|9,2;9,10|9,3;9,9|9,3;9,9
1,11;1,1|2,11;2,1|2,10;2,2|3,10;2,3|4,10;2,4|5,10;2,5|6,10;2,6|7,10;2,7|8,10;3,7|9,10;3,8|9,9;3,9|9,9;3,9
1,11;11,1|2,11;11,2|3,11;10,2|4,11;10,3|4,10;10,4|5,10;10,5|6,10;10,6|7,10;10,7|8,10;9,7|9,10;9,8|9,9;9,9|9,9;9,9
1,11;11,11|2,11;11,11|3,11;11,10|4,11;11,9|4,10;11,8|5,10;10,8|6,10;10,8|7,10;10,9|8,10;10,10|8,9;9,10|9,9;9,9|9,9;9,9
11,1;1,1|11,1;1,2|11,1;1,3|10,1;2,3|11,1;2,4|11,1;2,5|10,1;2,6|9,1;2,7|9,1;2,8|9,2;2,9|9,3;3,9|9,3;3,9
11,1;1,11|10,1;1,10|9,1;2,10|9,2;3,10|9,3;3,9|9,3;3,9
11,1;11,11|11,2;10,11|10,2;9,11|9,2;9,10|9,3;9,9|9,3;9,9
11,11;1,1|11,11;2,1|11,11;2,2|10,11;2,3|11,11;2,4|11,11;2,5|11,11;2,6|10,11;2,7|10,10;2,8|10,9;2,9|9,9;3,9|9,9;3,9
11,11;1,11|11,10;1,10|10,10;1,9|9,10;2,9|9,9;3,9|9,9;3,9
11,11;11,1|11,11;11,2|11,11;11,3|11,11;10,3|11,11;10,4|11,10;10,5|11,9;10,6|11,10;10,7|11,9;9,7|10,9;9,8|9,9;9,9|9,9;9,9
