1,1;1,11|2,1;1,10|2,2;2,10|2,3;2,9|2,3;2,9
1,1;11,1|1,1;11,2|2,1;10,2|2,1;10,3|2,1;10,4|2,2;10,5|2,3;10,6|2,3;10,7|2,3;10,8|2,3;10,9|2,3;10,9
1,1;11,11|2,1;11,10|2,2;10,10|2,3;10,9|2,3;10,9
1,11;1,1|1,10;2,1|1,10;2,2|1,9;2,3|2,9;2,4|2,9;2,5|2,9;2,6|2,9;2,7|2,9;2,8|2,9;2,9|2,9;2,9
1,11;11,1|1,11;11,2|1,11;11,3|1,10;11,4|2,10;10,4|2,9;10,5|2,9;10,6|2,9;10,7|2,9;10,8|2,9;10,9|2,9;10,9
1,11;11,11|1,10;11,10|1,9;10,10|2,9;10,9|2,9;10,9
11,1;1,1|11,2;1,2|10,2;1,3|10,2;1,4|10,3;2,4|10,3;2,5|10,3;2,6|10,3;2,7|10,3;2,8|10,3;2,9|10,3;2,9
11,1;1,11|10,1;2,11|10,2;2,10|10,3;2,9|10,3;2,9
11,1;11,11|11,2;10,11|10,2;10,10|10,3;10,9|10,3;10,9
11,11;1,1|11,10;1,2|11,10;2,2|11,10;2,3|10,10;2,4|10,10;2,5|10,10;2,6|10,10;2,7|10,9;2,8|10,9;2,9|10,9;2,9
11,11;1,11|11,10;1,10|11,9;1,9|10,9;2,9|10,9;2,9
11,11;11,1|11,10;10,1|10,10;10,2|10,9;10,3|10,9;10,4|10,9;10,5|10,9;10,6|10,9;10,7|10,9;10,8|10,9;10,9|10,9;10,9
