1,1;1,11|1,2;2,11|2,2;2,10|3,2;2,9|4,2;2,9|5,2;2,9|6,2;2,9|7,2;2,9|8,2;2,9|9,2;2,9|10,2;2,9|10,3;2,9|10,3;2,9
1,1;11,1|2,1;11,2|3,1;11,3|3,2;10,3|4,2;10,3|5,2;10,3|6,2;10,4|7,2;10,5|8,2;10,6|9,2;10,7|9,3;10,8|10,3;10,9|10,3;10,9
1,1;11,11|1,2;11,11|2,2;11,10|3,2;10,10|4,2;10,10|5,2;10,9|6,2;10,9|7,2;10,9|8,2;10,9|9,2;10,9|9,3;10,9|10,3;10,9|10,3;10,9
1,11;1,1|1,10;2,1|2,10;2,2|3,10;2,2|4,10;2,2|5,10;2,3|6,10;2,4|7,10;2,5|8,10;2,6|9,10;2,7|10,10;2,8|10,9;2,9|10,9;2,9
1,11;11,1|2,11;11,2|3,11;11,2|4,11;10,2|4,10;10,2|5,10;10,3|6,10;10,4|7,10;10,5|8,10;10,6|9,10;10,7|9,9;10,8|10,9;10,9|10,9;10,9
1,11;11,11|2,11;10,11|2,10;10,10|3,10;10,10|4,10;10,10|5,10;10,9|6,10;10,9|7,10;10,9|8,10;10,9|9,10;10,9|9,9;10,9|10,9;10,9|10,9;10,9
11,1;1,1|10,1;1,2|10,1;1,3|10,1;1,4|10,1;2,4|10,1;2,5|10,1;2,6|10,1;2,7|10,2;2,8|10,3;2,9|10,3;2,9
11,1;1,11|11,2;1,10|10,2;2,10|10,3;2,9|10,3;2,9
11,1;11,11|11,2;10,11|10,2;10,10|10,3;10,9|10,3;10,9
11,11;1,1|11,11;2,1|11,10;2,2|11,9;2,3|10,9;2,4|10,9;2,5|10,9;2,6|10,9;2,7|10,9;2,8|10,9;2,9|10,9;2,9
11,11;1,11|11,10;1,10|10,10;2,10|10,9;2,9|10,9;2,9
11,11;11,1|11,10;11,2|11,9;10,2|11,9;10,3|10,9;10,4|10,9;10,5|10,9;10,6|10,9;10,7|10,9;10,8|10,9;10,9|10,9;10,9
