1,1;1,11|2,1;1,10|2,2;1,10|3,2;1,10|4,2;1,10|5,2;1,11|6,2;1,11|7,2;2,11|7,3;2,10|8,3;2,9|9,3;3,9|9,3;3,9
1,1;11,1|2,1;10,1|3,1;9,1|4,1;9,1|5,1;10,1|5,2;10,1|6,2;9,1|7,2;9,1|8,2;9,2|8,3;9,2|9,3;9,3|9,3;9,3
1,1;11,11|1,2;11,10|2,2;10,10|3,2;10,9|4,2;10,8|5,2;11,8|6,2;11,8|7,2;11,8|7,3;10,8|8,3;10,9|9,3;9,9|9,3;9,9
1,11;1,1|1,10;1,1|1,10;1,2|2,10;2,2|3,10;3,2|4,10;4,2|5,10;5,2|6,10;6,2|7,10;7,2|8,10;7,3|9,10;8,3|9,9;9,3|9,9;9,3
1,11;11,1|1,10;11,1|2,10;11,1|3,10;11,2|4,10;10,2|5,10;9,2|6,10;9,3|7,10;9,4|8,10;9,3|9,10;9,2|9,9;9,3|9,9;9,3
1,11;11,11|1,10;11,11|2,10;11,10|3,10;11,9|4,10;10,9|5,10;10,8|6,10;10,9|7,10;10,8|8,10;10,9|9,10;9,9|9,9;9,9|9,9;9,9
11,1;1,1|10,1;1,2|10,2;2,2|9,2;2,3|9,3;3,3|9,3;3,3
11,1;1,11|10,1;1,10|9,1;2,10|9,2;2,9|9,3;3,9|9,3;3,9
11,1;11,11|10,1;10,11|9,1;9,11|9,2;9,10|9,3;9,9|9,3;9,9
11,11;1,1|11,11;1,2|11,11;2,2|11,10;2,3|11,10;2,4|10,10;2,5|10,11;2,6|9,11;2,7|9,11;3,7|9,10;3,8|9,9;3,9|9,9;3,9
11,11;1,11|11,10;1,10|10,10;2,10|9,10;3,10|9,9;3,9|9,9;3,9
11,11;11,1|11,10;10,1|11,9;10,2|10,9;9,2|9,9;9,3|9,9;9,3
