1,1;1,11|2,1;1,11|2,2;1,10|3,2;1,11|4,2;1,11|5,2;1,11|6,2;1,11|7,2;1,10|8,2;1,9|8,3;2,9|9,3;3,9|9,3;3,9
1,1;11,1|2,1;11,1|2,2;11,1|3,2;11,1|4,2;10,1|5,2;10,1|6,2;10,2|7,2;11,2|8,2;10,2|9,2;10,3|9,3;9,3|9,3;9,3
1,1;11,11|2,1;11,11|2,2;11,10|3,2;11,9|4,2;10,9|5,2;10,8|5,2;10,7|6,2;10,6|7,2;10,5|8,2;9,5|9,2;9,4|9,3;9,3|9,3;9,3
1,11;1,1|1,10;1,2|2,10;2,2|3,10;2,2|4,10;1,2|5,10;1,3|6,10;1,3|7,10;1,3|8,10;1,3|8,9;2,3|9,9;3,3|9,9;3,3
1,11;11,1|1,11;11,2|2,11;11,2|3,11;10,2|4,11;10,2|4,10;11,2|5,10;11,3|6,10;11,2|7,10;11,2|8,10;11,3|9,10;10,3|9,9;9,3|9,9;9,3
1,11;11,11|2,11;10,11|3,11;10,11|4,11;10,11|5,11;10,11|6,11;10,10|6,10;10,11|7,10;10,11|8,10;10,10|8,9;10,9|9,9;9,9|9,9;9,9
11,1;1,1|10,1;1,1|9,1;1,1|9,2;2,1|9,3;2,2|10,3;2,3|9,3;3,3|9,3;3,3
11,1;1,11|11,2;2,11|10,2;3,11|10,3;3,10|9,3;3,9|9,3;3,9
11,1;11,11|11,1;10,11|11,2;9,11|11,2;9,10|11,3;8,10|10,3;7,10|10,3;6,10|10,3;5,10|9,3;4,10|8,3;4,9|9,3;3,9|9,3;3,9
11,11;1,1|11,10;1,1|11,10;1,2|10,10;2,2|9,10;3,2|9,9;3,3|9,9;3,3
11,11;1,11|11,11;2,11|11,10;2,11|11,9;1,11|10,9;1,11|10,8;1,10|10,7;1,10|10,6;2,10|10,5;2,9|9,5;2,10|9,4;3,10|9,3;3,9|9,3;3,9
11,11;11,1|10,11;11,2|10,10;11,3|10,9;10,3|9,9;9,3|9,9;9,3
