1,1;1,11|1,2;2,11|2,2;2,10|2,3;2,9|2,3;2,9
1,1;11,1|1,1;11,2|1,1;11,3|1,1;10,3|1,1;10,4|1,1;10,5|2,1;10,6|2,2;10,7|2,3;10,8|2,3;10,9|2,3;10,9
1,1;11,11|2,1;10,11|2,2;10,10|2,3;10,9|2,3;10,9
1,11;1,1|2,11;2,1|2,11;2,2|2,10;2,3|2,10;2,4|2,10;2,5|2,10;2,6|2,9;2,7|2,9;2,8|2,9;2,9|2,9;2,9
1,11;11,1|2,11;11,2|2,11;10,2|2,11;10,3|2,11;10,4|2,11;10,5|2,10;10,6|2,10;10,7|2,10;10,8|2,9;10,9|2,9;10,9
1,11;11,11|1,10;11,10|1,9;11,9|2,9;10,9|2,9;10,9
11,1;1,1|11,2;1,1|11,3;1,2|11,3;1,3|11,3;2,3|11,3;2,4|11,2;2,5|11,2;2,6|11,3;2,6|10,3;2,7|9,3;2,8|10,3;2,9|10,3;2,9
11,1;1,11|11,1;2,11|11,1;3,11|11,2;4,11|11,2;4,10|11,3;4,9|11,3;4,10|10,3;3,10|9,3;2,10|10,3;2,9|10,3;2,9
11,1;11,11|10,1;11,10|10,2;10,10|10,3;10,9|10,3;10,9
11,11;1,1|11,10;2,1|10,10;2,2|11,10;2,3|11,10;2,4|11,10;2,5|11,10;2,6|10,10;2,7|10,9;2,8|10,9;2,9|10,9;2,9
11,11;1,11|11,11;2,11|11,10;2,10|10,10;2,10|10,9;2,9|10,9;2,9
11,11;11,1|11,10;10,1|10,10;10,1|10,11;10,2|9,11;10,3|9,11;10,4|10,11;10,5|10,10;10,6|10,9;10,7|10,9;10,8|10,9;10,9|10,9;10,9
