1,1;1,11|1,1;2,11|1,2;2,10|1,1;2,10|2,1;1,10|2,2;1,11|2,3;2,11|2,3;2,10|3,3;3,10|3,2;4,10|3,2;5,10|4,2;6,10|5,2;6,10|5,2;7,10|5,2;8,10|6,2;8,10|7,2;8,10|8,2;9,10|9,2;10,10|9,3;10,9|10,3;10,9|10,3;10,9
1,1;11,1|1,1;11,2|1,1;11,2|1,1;11,2|1,1;11,2|1,1;11,2|1,1;11,2|1,1;11,2|1,1;11,2|1,1;11,2|1,1;11,2|1,1;11,2|1,1;11,2|1,1;11,2|1,1;11,2|1,1;11,2|1,1;11,2|1,1;11,2|1,1;11,2|1,1;11,2|1,1;11,2|1,1;11,2|1,1;11,2|1,1;11,2|1,1;11,2|1,1;11,2|1,1;11,2|1,1;11,2|1,1;11,2|1,1;11,2|1,1;11,2|1,1;11,2|1,1;11,2|1,1;11,2|1,1;11,2|1,1;11,2|1,1;11,2|1,1;11,2|1,1;11,2|1,1;11,2|1,1;11,2|1,1;11,2|1,1;11,2|1,1;11,2|1,1;11,2|1,1;11,2|1,1;11,2|1,1;11,2|1,1;11,2|1,1;11,2|1,1;11,2|1,1;11,2|1,1;11,2|1,1;11,2|1,1;11,2|1,1;11,2|1,1;11,2|1,1;11,2|1,1;11,2|1,1;11,2|1,1;11,2|1,1;11,2|1,1;11,2|1,1;11,2|1,1;11,2|1,1;11,2|1,1;11,2|1,1;11,2|1,1;11,2|1,1;11,2|1,1;11,2|1,1;11,2|1,1;11,2|1,1;11,2|1,1;11,2|1,1;11,2|1,1;11,2|1,1;11,2|1,1;11,2|1,1;11,2|1,1;11,2|1,1;11,2|1,1;11,2|1,1;11,2|1,1;11,2|1,1;11,2|1,1;11,2|1,1;11,2|1,1;11,2|1,1;11,2|1,1;11,2|1,1;11,2|1,1;11,2|1,1;11,2|1,1;11,2|1,1;11,2|1,1;11,2|1,1;11,2|1,1;11,2|1,1;11,2|1,1;11,2
1,1;11,11|2,1;11,10|2,2;10,10|3,2;10,9|4,2;9,9|5,2;9,10|6,2;9,9|7,2;9,9|8,2;9,9|9,2;9,9|9,3;9,9|10,3;10,9|10,3;10,9
1,11;1,1|2,11;1,2|2,11;2,2|2,11;2,2|1,11;2,3|1,11;2,3|1,11;2,2|2,11;2,3|3,11;2,4|3,10;2,3|3,10;2,4|2,10;2,5|2,10;2,6|2,11;2,6|2,11;2,6|2,11;2,6|2,11;2,6|2,11;2,6|2,11;2,6|2,11;2,6|2,11;2,6|2,11;2,6|2,11;2,6|2,11;2,6|2,11;2,6|2,11;2,6|2,11;2,6|2,11;2,6|2,11;2,6|2,11;2,6|2,11;2,6|2,11;2,6|2,11;2,6|2,11;2,6|2,11;2,6|2,11;2,6|2,11;2,6|2,11;2,6|2,11;2,6|2,11;2,6|2,11;2,6|2,11;2,6|2,11;2,6|2,11;2,6|2,11;2,6|2,11;2,6|2,11;2,6|2,11;2,6|2,11;2,6|2,11;2,6|2,11;2,6|2,11;2,6|2,11;2,6|2,11;2,6|2,11;2,6|2,11;2,6|2,11;2,6|2,11;2,6|2,11;2,6|2,11;2,6|2,11;2,6|2,11;2,6|2,11;2,6|2,11;2,6|2,11;2,6|2,11;2,6|2,11;2,6|2,11;2,6|2,11;2,6|2,11;2,6|2,11;2,6|2,11;2,6|2,11;2,6|2,11;2,6|2,11;2,6|2,11;2,6|2,11;2,6|2,11;2,6|2,11;2,6|2,11;2,6|2,11;2,6|2,11;2,6|2,11;2,6|2,11;2,6|2,11;2,6|2,11;2,6|2,11;2,6|2,11;2,6|2,11;2,6|2,11;2,6|2,11;2,6|2,11;2,6|2,11;2,6|2,11;2,6|2,11;2,6|2,11;2,6|2,11;2,6|2,11;2,6|2,11;2,6|2,11;2,6|2,11;2,6
1,11;11,1|1,11;10,1|2,11;9,1|1,11;9,2|1,11;10,2|1,11;10,3|1,10;10,2|1,10;10,3|2,10;10,4|1,10;10,4|1,10;10,4|1,10;10,4|1,10;10,4|1,10;10,4|1,10;10,4|1,10;10,4|1,10;10,4|1,10;10,4|1,10;10,4|1,10;10,4|1,10;10,4|1,10;10,4|1,10;10,4|1,10;10,4|1,10;10,4|1,10;10,4|1,10;10,4|1,10;10,4|1,10;10,4|1,10;10,4|1,10;10,4|1,10;10,4|1,10;10,4|1,10;10,4|1,10;10,4|1,10;10,4|1,10;10,4|1,10;10,4|1,10;10,4|1,10;10,4|1,10;10,4|1,10;10,4|1,10;10,4|1,10;10,4|1,10;10,4|1,10;10,4|1,10;10,4|1,10;10,4|1,10;10,4|1,10;10,4|1,10;10,4|1,10;10,4|1,10;10,4|1,10;10,4|1,10;10,4|1,10;10,4|1,10;10,4|1,10;10,4|1,10;10,4|1,10;10,4|1,10;10,4|1,10;10,4|1,10;10,4|1,10;10,4|1,10;10,4|1,10;10,4|1,10;10,4|1,10;10,4|1,10;10,4|1,10;10,4|1,10;10,4|1,10;10,4|1,10;10,4|1,10;10,4|1,10;10,4|1,10;10,4|1,10;10,4|1,10;10,4|1,10;10,4|1,10;10,4|1,10;10,4|1,10;10,4|1,10;10,4|1,10;10,4|1,10;10,4|1,10;10,4|1,10;10,4|1,10;10,4|1,10;10,4|1,10;10,4|1,10;10,4|1,10;10,4|1,10;10,4|1,10;10,4|1,10;10,4|1,10;10,4|1,10;10,4|1,10;10,4|1,10;10,4|1,10;10,4|1,10;10,4
1,11;11,11|1,10;11,10|2,10;10,10|3,10;10,9|4,10;9,9|5,10;9,9|6,10;9,9|7,10;9,8|8,10;9,8|9,10;9,8|10,10;9,9|10,9;10,9|10,9;10,9
11,1;1,1|11,2;1,1|11,3;1,2|11,3;1,3|11,3;1,4|11,3;2,4|10,3;2,5|11,3;2,6|11,3;2,6|11,3;2,6|11,3;2,6|11,3;2,6|11,3;2,6|11,3;2,6|11,3;2,6|11,3;2,6|11,3;2,6|11,3;2,6|11,3;2,6|11,3;2,6|11,3;2,6|11,3;2,6|11,3;2,6|11,3;2,6|11,3;2,6|11,3;2,6|11,3;2,6|11,3;2,6|11,3;2,6|11,3;2,6|11,3;2,6|11,3;2,6|11,3;2,6|11,3;2,6|11,3;2,6|11,3;2,6|11,3;2,6|11,3;2,6|11,3;2,6|11,3;2,6|11,3;2,6|11,3;2,6|11,3;2,6|11,3;2,6|11,3;2,6|11,3;2,6|11,3;2,6|11,3;2,6|11,3;2,6|11,3;2,6|11,3;2,6|11,3;2,6|11,3;2,6|11,3;2,6|11,3;2,6|11,3;2,6|11,3;2,6|11,3;2,6|11,3;2,6|11,3;2,6|11,3;2,6|11,3;2,6|11,3;2,6|11,3;2,6|11,3;2,6|11,3;2,6|11,3;2,6|11,3;2,6|11,3;2,6|11,3;2,6|11,3;2,6|11,3;2,6|11,3;2,6|11,3;2,6|11,3;2,6|11,3;2,6|11,3;2,6|11,3;2,6|11,3;2,6|11,3;2,6|11,3;2,6|11,3;2,6|11,3;2,6|11,3;2,6|11,3;2,6|11,3;2,6|11,3;2,6|11,3;2,6|11,3;2,6|11,3;2,6|11,3;2,6|11,3;2,6|11,3;2,6|11,3;2,6|11,3;2,6|11,3;2,6|11,3;2,6|11,3;2,6|11,3;2,6|11,3;2,6|11,3;2,6
11,1;1,11|11,1;2,11|11,1;3,11|11,1;4,11|11,1;4,10|10,1;5,10|10,1;6,10|10,1;7,10|10,2;8,10|10,3;9,10|10,3;9,9|10,3;10,9|10,3;10,9
11,1;11,11|11,2;10,11|11,3;10,10|10,3;10,9|10,3;10,9
11,11;1,1|10,11;2,1|10,11;3,1|10,10;3,1|9,10;3,2|9,9;3,3|9,9;2,3|10,9;2,4|10,9;2,4|10,9;2,4|10,9;2,4|10,9;2,4|10,9;2,4|10,8;2,5|10,8;2,6|10,8;2,7|10,8;2,8|10,9;2,9|10,9;2,9
11,11;1,11|11,11;1,11|11,11;1,11|11,11;1,11|11,11;1,11|11,11;1,11|11,11;1,11|11,11;1,11|11,11;1,11|11,11;1,11|11,11;1,11|11,11;1,11|11,11;1,11|11,11;1,11|11,11;1,11|11,11;1,11|11,11;1,11|11,11;1,11|11,11;1,11|11,11;1,11|11,11;1,11|11,11;1,11|11,11;1,11|11,11;1,11|11,11;1,11|11,11;1,11|11,11;1,11|11,11;1,11|11,11;1,11|11,11;1,11|11,11;1,11|11,11;1,11|11,11;1,11|11,11;1,11|11,11;1,11|11,11;1,11|11,11;1,11|11,11;1,11|11,11;1,11|11,11;1,11|11,11;1,11|11,11;1,11|11,11;1,11|11,11;1,11|11,11;1,11|11,11;1,11|11,11;1,11|11,11;1,11|11,11;1,11|11,11;1,11|11,11;1,11|11,11;1,11|11,11;1,11|11,11;1,11|11,11;1,11|11,11;1,11|11,11;1,11|11,11;1,11|11,11;1,11|11,11;1,11|11,11;1,11|11,11;1,11|11,11;1,11|11,11;1,11|11,11;1,11|11,11;1,11|11,11;1,11|11,11;1,11|11,11;1,11|11,11;1,11|11,11;1,11|11,11;1,11|11,11;1,11|11,11;1,11|11,11;1,11|11,11;1,11|11,11;1,11|11,11;1,11|11,11;1,11|11,11;1,11|11,11;1,11|11,11;1,11|11,11;1,11|11,11;1,11|11,11;1,11|11,11;1,11|11,11;1,11|11,11;1,11|11,11;1,11|11,11;1,11|11,11;1,11|11,11;1,11|11,11;1,11|11,11;1,11|11,11;1,11|11,11;1,11|11,11;1,11|11,11;1,11|11,11;1,11|11,11;1,11|11,11;1,11
11,11;11,1|11,10;10,1|10,10;10,1|10,11;10,2|9,11;10,3|9,10;10,4|9,9;10,5|9,9;10,6|9,9;10,6|9,10;10,7|9,9;10,8|10,9;10,9|10,9;10,9
