1,1;1,11|2,1;1,11|3,1;1,11|3,2;1,11|4,2;1,11|5,2;1,11|6,2;1,10|7,2;2,10|8,2;2,10|9,2;2,9|9,3;2,9|10,3;2,9|10,3;2,9
1,1;11,1|1,2;11,2|2,2;11,3|3,2;11,2|4,2;11,2|5,2;10,2|6,2;10,3|7,2;9,3|8,2;9,3|9,2;10,3|9,3;10,3|10,3;10,3|10,3;10,3
1,1;11,11|2,1;10,11|3,1;10,11|3,2;10,11|4,2;10,11|5,2;10,10|6,2;10,10|7,2;10,9|8,2;10,10|9,2;10,10|10,2;10,10|10,3;10,9|10,3;10,9
1,11;1,1|1,10;1,2|2,10;2,2|3,10;2,3|4,10;2,3|5,10;2,3|6,10;2,3|7,10;2,3|8,10;2,3|9,10;2,3|9,9;2,3|10,9;2,3|10,9;2,3
1,11;11,1|1,10;10,1|2,10;10,1|3,10;10,1|4,10;10,1|5,10;10,1|6,10;10,1|7,10;10,1|8,10;10,2|9,10;10,3|10,10;10,3|10,9;10,3|10,9;10,3
1,11;11,11|1,11;11,10|1,11;11,9|1,10;11,8|2,10;11,8|3,10;10,8|4,10;10,7|5,10;10,6|6,10;10,5|7,10;10,4|8,10;10,4|9,10;10,3|9,9;10,3|10,9;10,3|10,9;10,3
11,1;1,1|11,2;2,1|11,3;2,2|10,3;2,3|10,3;2,3
11,1;1,11|11,2;1,10|11,3;1,9|10,3;2,9|10,3;2,9
11,1;11,11|11,2;10,11|10,2;10,10|10,3;10,9|10,3;10,9
11,11;1,1|11,10;1,2|11,9;2,2|10,9;2,3|10,9;2,3
11,11;1,11|11,10;1,11|10,10;1,11|10,9;1,11|10,8;1,10|10,7;1,10|10,6;1,10|10,5;1,9|10,4;1,9|10,3;2,9|10,3;2,9
11,11;11,1|11,10;10,1|11,9;10,2|10,9;10,3|10,9;10,3
