1,1;1,11|1,1;2,11|2,1;2,11|2,2;2,10|3,2;1,10|4,2;1,10|5,2;1,9|6,2;1,9|7,2;1,10|8,2;1,10|9,2;2,10|10,2;2,9|10,3;2,9|10,3;2,9
1,1;11,1|1,2;10,1|1,3;10,1|1,2;10,2|1,2;9,2|1,2;9,3|2,2;9,4|2,2;9,4|2,2;9,4|2,2;9,4|2,2;9,4|2,2;9,4|2,2;9,4|2,2;9,4|2,2;9,4|2,2;9,4|2,2;9,4|2,2;9,4|2,2;9,4|2,2;9,4|2,2;9,4|2,2;9,4|2,2;9,4|2,2;9,4|2,2;9,4|2,2;9,4|2,2;9,4|2,2;9,4|2,2;9,4|2,2;9,4|2,2;9,4|2,2;9,4|2,2;9,4|2,2;9,4|2,2;9,4|2,2;9,4|2,2;9,4|2,2;9,4|2,2;9,4|2,2;9,4|2,2;9,4|2,2;9,4|2,2;9,4|2,2;9,4|2,2;9,4|2,2;9,4|2,2;9,4|2,2;9,4|2,2;9,4|2,2;9,4|2,2;9,4|2,2;9,4|2,2;9,4|2,2;9,4|2,2;9,4|2,2;9,4|2,2;9,4|2,2;9,4|2,2;9,4|2,2;9,4|2,2;9,4|2,2;9,4|2,2;9,4|2,2;9,4|2,2;9,4|2,2;9,4|2,2;9,4|2,2;9,4|2,2;9,4|2,2;9,4|2,2;9,4|2,2;9,4|2,2;9,4|2,2;9,4|2,2;9,4|2,2;9,4|2,2;9,4|2,2;9,4|2,2;9,4|2,2;9,4|2,2;9,4|2,2;9,4|2,2;9,4|2,2;9,4|2,2;9,4|2,2;9,4|2,2;9,4|2,2;9,4|2,2;9,4|2,2;9,4|2,2;9,4|2,2;9,4|2,2;9,4|2,2;9,4|2,2;9,4|2,2;9,4|2,2;9,4|2,2;9,4|2,2;9,4|2,2;9,4|2,2;9,4
1,1;11,11|1,2;11,11|2,2;11,11|3,2;11,11|4,2;10,11|4,2;10,10|5,2;10,9|6,2;10,9|7,2;11,9|8,2;11,9|9,2;11,8|9,3;10,8|10,3;10,9|10,3;10,9
1,11;1,1|1,11;1,2|1,10;1,2|1,10;2,2|2,10;2,1|1,10;2,2|2,10;2,3|2,9;2,3|2,8;1,3|2,9;1,2|2,9;2,2|3,9;2,2|3,8;2,3|3,8;2,4|2,8;2,5|3,8;2,5|4,8;2,5|4,9;2,5|4,9;2,6|3,9;2,7|4,9;2,8|4,10;1,8|5,10;1,8|6,10;1,8|7,10;1,8|8,10;2,8|9,10;2,7|9,10;2,8|9,9;2,8|10,9;2,8|10,9;2,9|10,9;2,9
1,11;11,1|1,10;11,2|2,10;10,2|3,10;10,1|4,10;10,1|5,10;10,2|5,10;10,3|6,10;10,3|7,10;10,4|8,10;10,4|8,10;10,5|9,10;10,5|9,9;10,6|9,9;10,7|9,8;10,8|10,8;11,8|10,7;11,9|10,6;10,9|10,5;9,9|10,4;9,9|10,3;10,9|10,3;10,9
1,11;11,11|1,11;11,11|1,11;10,11|2,11;11,11|1,11;11,11|1,11;11,10|1,11;11,10|1,11;11,11|2,11;11,11|3,11;10,11|3,11;10,10|3,10;10,9|3,11;10,9|4,11;10,10|4,10;10,9|5,10;10,8|5,10;10,7|6,10;10,8|7,10;10,8|7,10;10,8|7,10;10,8|7,10;10,8|7,10;10,8|7,10;10,8|7,10;10,8|7,10;10,8|7,10;10,8|7,10;10,8|7,10;10,8|7,10;10,8|7,10;10,8|7,10;10,8|7,10;10,8|7,10;10,8|7,10;10,8|7,10;10,8|7,10;10,8|7,10;10,8|7,10;10,8|7,10;10,8|7,10;10,8|7,10;10,8|7,10;10,8|7,10;10,8|7,10;10,8|7,10;10,8|7,10;10,8|7,10;10,8|7,10;10,8|7,10;10,8|7,10;10,8|7,10;10,8|7,10;10,8|7,10;10,8|7,10;10,8|7,10;10,8|7,10;10,8|7,10;10,8|7,10;10,8|7,10;10,8|7,10;10,8|7,10;10,8|7,10;10,8|7,10;10,8|7,10;10,8|7,10;10,8|7,10;10,8|7,10;10,8|7,10;10,8|7,10;10,8|7,10;10,8|7,10;10,8|7,10;10,8|7,10;10,8|7,10;10,8|7,10;10,8|7,10;10,8|7,10;10,8|7,10;10,8|7,10;10,8|7,10;10,8|7,10;10,8|7,10;10,8|7,10;10,8|7,10;10,8|7,10;10,8|7,10;10,8|7,10;10,8|7,10;10,8|7,10;10,8|7,10;10,8|7,10;10,8|7,10;10,8|7,10;10,8|7,10;10,8|7,10;10,8|7,10;10,8|7,10;10,8|7,10;10,8|7,10;10,8|7,10;10,8
11,1;1,1|11,1;1,2|11,1;1,3|11,1;2,3|11,2;2,4|10,2;2,5|10,2;2,6|10,2;2,7|10,3;2,8|10,3;2,9|10,3;2,9
11,1;1,11|11,2;1,10|10,2;1,9|10,3;2,9|10,3;2,9
11,1;11,11|11,2;11,10|11,3;10,10|10,3;10,9|10,3;10,9
11,11;1,1|10,11;2,1|10,11;2,2|10,10;2,2|10,10;2,3|9,10;2,4|10,10;2,5|10,9;2,6|11,9;2,7|11,9;2,6|11,9;2,7|11,9;2,6|11,9;2,7|11,9;2,6|11,9;2,7|11,9;2,6|11,9;2,7|11,9;2,6|11,9;2,7|11,9;2,6|11,9;2,7|11,9;2,6|11,9;2,7|11,9;2,6|11,9;2,7|11,9;2,6|11,9;2,7|11,9;2,6|11,9;2,7|11,9;2,6|11,9;2,7|11,9;2,6|11,9;2,7|11,9;2,6|11,9;2,7|11,9;2,6|11,9;2,7|11,9;2,6|11,9;2,7|11,9;2,6|11,9;2,7|11,9;2,6|11,9;2,7|11,9;2,6|11,9;2,7|11,9;2,6|11,9;2,7|11,9;2,6|11,9;2,7|11,9;2,6|11,9;2,7|11,9;2,6|11,9;2,7|11,9;2,6|11,9;2,7|11,9;2,6|11,9;2,7|11,9;2,6|11,9;2,7|11,9;2,6|11,9;2,7|11,9;2,6|11,9;2,7|11,9;2,6|11,9;2,7|11,9;2,6|11,9;2,7|11,9;2,6|11,9;2,7|11,9;2,6|11,9;2,7|11,9;2,6|11,9;2,7|11,9;2,6|11,9;2,7|11,9;2,6|11,9;2,7|11,9;2,6|11,9;2,7|11,9;2,6|11,9;2,7|11,9;2,6|11,9;2,7|11,9;2,6|11,9;2,7|11,9;2,6|11,9;2,7|11,9;2,6|11,9;2,7|11,9;2,6|11,9;2,7|11,9;2,6|11,9;2,7|11,9;2,6|11,9;2,7|11,9;2,6|11,9;2,7|11,9;2,6|11,9;2,7|11,9;2,6|11,9;2,7
11,11;1,11|11,10;1,11|10,10;1,11|10,9;1,10|10,9;1,10|10,8;1,10|10,7;1,10|10,6;1,10|10,5;1,10|10,4;2,10|10,3;2,9|10,3;2,9
11,11;11,1|11,11;11,2|11,11;11,3|11,10;11,3|10,10;11,4|9,10;10,4|9,9;10,5|9,9;10,5|9,9;10,5|9,9;10,5|9,9;10,5|9,9;10,5|9,9;10,5|9,9;10,5|9,9;10,5|9,9;10,5|9,9;10,5|9,9;10,5|9,9;10,5|9,9;10,5|9,9;10,5|9,9;10,5|9,9;10,5|9,9;10,5|9,9;10,5|9,9;10,5|9,9;10,5|9,9;10,5|9,9;10,5|9,9;10,5|9,9;10,5|9,9;10,5|9,9;10,5|9,9;10,5|9,9;10,5|9,9;10,5|9,9;10,5|9,9;10,5|9,9;10,5|9,9;10,5|9,9;10,5|9,9;10,5|9,9;10,5|9,9;10,5|9,9;10,5|9,9;10,5|9,9;10,5|9,9;10,5|9,9;10,5|9,9;10,5|9,9;10,5|9,9;10,5|9,9;10,5|9,9;10,5|9,9;10,5|9,9;10,5|9,9;10,5|9,9;10,5|9,9;10,5|9,9;10,5|9,9;10,5|9,9;10,5|9,9;10,5|9,9;10,5|9,9;10,5|9,9;10,5|9,9;10,5|9,9;10,5|9,9;10,5|9,9;10,5|9,9;10,5|9,9;10,5|9,9;10,5|9,9;10,5|9,9;10,5|9,9;10,5|9,9;10,5|9,9;10,5|9,9;10,5|9,9;10,5|9,9;10,5|9,9;10,5|9,9;10,5|9,9;10,5|9,9;10,5|9,9;10,5|9,9;10,5|9,9;10,5|9,9;10,5|9,9;10,5|9,9;10,5|9,9;10,5|9,9;10,5|9,9;10,5|9,9;10,5|9,9;10,5|9,9;10,5|9,9;10,5|9,9;10,5|9,9;10,5|9,9;10,5
