1,1;1,11|2,1;1,10|2,2;2,10|3,2;2,10|4,2;2,10|5,2;2,10|6,2;2,10|7,2;2,9|8,2;2,9|9,2;2,9|9,3;2,9|10,3;2,9|10,3;2,9
1,1;11,1|2,1;10,1|3,1;10,2|3,2;10,2|4,2;10,3|5,2;10,4|6,2;10,5|7,2;10,6|8,2;10,7|9,2;10,8|10,2;10,9|10,3;10,9|10,3;10,9
1,1;11,11|1,2;11,10|2,2;11,9|3,2;10,9|4,2;10,9|5,2;10,9|6,2;10,9|7,2;10,9|8,2;10,9|9,2;10,9|9,3;10,9|10,3;10,9|10,3;10,9
1,11;1,1|2,11;1,2|3,11;2,2|3,10;2,3|4,10;2,4|5,10;2,4|6,10;2,5|7,10;2,6|8,10;2,7|9,10;2,8|9,9;2,9|10,9;2,9|10,9;2,9
1,11;11,1|2,11;11,1|3,11;11,2|3,10;10,2|4,10;10,3|5,10;10,4|6,10;10,5|7,10;10,6|8,10;10,7|9,10;10,8|9,9;10,9|10,9;10,9|10,9;10,9
1,11;11,11|1,10;10,11|2,10;10,10|3,10;10,10|4,10;10,10|5,10;10,9|6,10;10,9|7,10;10,9|8,10;10,9|9,10;10,9|9,9;10,9|10,9;10,9|10,9;10,9
11,1;1,1|11,1;1,2|11,1;1,3|11,1;1,4|11,2;2,4|10,2;2,5|10,3;2,6|10,3;2,7|10,3;2,8|10,3;2,9|10,3;2,9
11,1;1,11|10,1;1,10|10,2;2,10|10,3;2,9|10,3;2,9
11,1;11,11|11,2;11,10|11,3;10,10|10,3;10,9|10,3;10,9
11,11;1,1|11,11;2,1|11,10;2,2|10,10;2,3|10,10;2,4|10,10;2,5|10,9;2,6|10,9;2,7|10,9;2,8|10,9;2,9|10,9;2,9
11,11;1,11|11,10;1,10|10,10;1,9|10,9;2,9|10,9;2,9
11,11;11,1|11,10;11,2|10,10;10,2|10,9;10,3|10,9;10,4|10,9;10,5|10,9;10,6|10,9;10,7|10,9;10,8|10,9;10,9|10,9;10,9
2,2;5,2|3,2;6,2|4,2;7,2|4,2;8,2|5,2;9,2|6,2;9,3|7,2;10,3|8,2;10,4|9,2;10,5|9,3;10,6|10,3;10,7|10,3;10,8|10,3;10,9|10,3;10,9
