10,11;8,9|10,10;8,8|9,10;9,8|9,9;9,9|9,9;9,9
10,3;3,9|9,3;3,9|9,3;3,9
5,1;9,4|5,1;9,5|4,1;10,5|3,1;10,6|3,1;10,7|3,2;10,8|3,3;10,9|3,3;9,9|3,3;9,9
6,2;3,4|7,2;2,4|7,3;2,5|7,3;2,6|7,2;2,7|8,2;2,8|9,2;3,8|9,3;3,9|9,3;3,9
10,4;1,4|10,4;2,4|10,3;2,5|10,3;2,6|9,3;2,7|8,3;2,8|9,3;2,9|9,3;3,9|9,3;3,9
1,7;10,3|1,7;10,4|1,7;10,5|2,7;10,6|3,7;10,7|3,7;9,7|3,8;9,8|3,9;9,9|3,9;9,9
5,3;3,1|4,3;3,2|3,3;2,2|3,3;2,3|3,4;2,4|3,3;2,5|4,3;2,6|3,3;2,7|3,2;2,8|3,2;2,9|3,3;3,9|3,3;3,9
5,9;7,10|4,9;8,10|4,9;9,10|3,9;9,9|3,9;9,9
5,2;3,5|4,2;2,5|3,2;2,6|3,1;2,7|3,1;2,8|3,2;2,9|3,3;3,9|3,3;3,9
2,11;4,9|2,10;4,9|3,10;3,9|3,9;3,9|3,9;3,9
2,3;8,4|2,2;8,5|2,3;9,5|3,3;10,5|3,3;10,6|3,3;10,7|3,3;9,7|3,3;9,8|3,3;9,9|3,3;9,9
3,7;3,2|3,7;3,3|3,8;3,4|3,9;2,4|3,9;2,5|2,9;2,6|2,9;2,7|2,10;3,7|2,9;3,8|3,9;3,9|3,9;3,9
2,11;4,5|1,11;3,5|1,10;2,5|1,10;2,6|1,9;2,7|1,9;2,8|2,9;3,8|3,9;3,9|3,9;3,9
1,2;9,11|2,2;9,11|3,2;9,10|3,3;9,9|3,3;9,9
9,5;8,8|9,5;8,9|9,4;8,9|9,3;9,9|9,3;9,9
10,9;4,7|10,10;4,8|10,9;4,9|9,9;3,9|9,9;3,9
