1,1;1,11|1,2;2,11|1,3;2,10|2,3;2,9|3,3;3,9|3,3;3,9
1,1;11,1|1,2;10,1|1,2;10,2|1,2;10,3|1,3;10,4|1,3;10,5|1,3;10,6|1,2;10,7|1,3;10,8|2,3;10,9|3,3;9,9|3,3;9,9
1,1;11,11|1,1;10,11|1,2;10,10|2,2;9,10|2,3;9,9|3,3;9,9|3,3;9,9
1,11;1,1|1,10;1,2|1,10;2,2|1,10;2,3|1,9;2,4|2,9;2,5|1,9;2,6|1,10;2,7|2,10;2,8|3,10;2,9|3,9;3,9|3,9;3,9
1,11;11,1|1,11;10,1|1,10;10,2|1,11;10,3|1,11;10,4|1,11;10,5|1,11;10,6|1,10;10,7|2,10;9,7|3,10;9,8|3,9;9,9|3,9;9,9
1,11;11,11|2,11;11,10|3,11;11,9|3,10;10,9|3,9;9,9|3,9;9,9
11,1;1,1|11,2;1,1|11,3;2,1|10,3;2,2|10,2;2,3|9,2;2,4|8,2;2,5|7,2;2,6|8,2;2,7|8,3;3,7|9,3;3,8|9,3;3,9|9,3;3,9
11,1;1,11|11,2;1,11|11,3;1,10|11,3;2,10|10,3;3,10|9,3;3,9|9,3;3,9
11,1;11,11|11,2;11,11|11,2;11,10|10,2;11,9|10,3;10,9|9,3;9,9|9,3;9,9
11,11;1,1|10,11;1,2|10,10;2,2|10,11;2,3|10,10;2,4|11,10;2,5|10,10;2,6|10,9;2,7|10,9;3,7|10,9;3,8|9,9;3,9|9,9;3,9
11,11;1,11|10,11;1,10|9,11;1,10|9,10;1,9|9,10;2,9|9,9;3,9|9,9;3,9
11,11;11,1|11,11;11,2|11,10;11,3|10,10;11,4|10,9;11,5|9,9;10,5|9,8;10,6|9,8;10,7|9,8;9,7|9,9;9,8|9,9;9,9|9,9;9,9
