1,1;1,11|1,2;1,11|2,2;1,10|3,2;1,10|4,2;1,10|5,2;2,10|6,2;2,10|7,2;2,9|8,2;2,9|9,2;2,9|10,2;2,9|10,3;2,9|10,3;2,9
1,1;11,1|2,1;11,1|3,1;11,1|3,2;11,1|4,2;11,1|5,2;11,1|6,2;11,1|7,2;10,1|8,2;9,1|9,2;9,1|9,3;9,2|9,3;8,2|10,3;7,2|10,3;6,2|10,3;5,2|10,3;4,2|10,3;3,2|10,3;2,2|10,3;2,3|10,3;2,3
1,1;11,11|2,1;10,11|2,1;9,11|3,1;9,10|3,2;8,10|4,2;7,10|5,2;6,10|6,2;5,10|7,2;5,10|8,2;4,10|9,2;3,10|10,2;2,10|10,3;2,9|10,3;2,9
1,11;1,1|2,11;1,1|2,10;2,1|3,10;2,1|4,10;2,2|5,10;2,1|6,10;2,1|7,10;2,1|8,10;2,2|9,10;2,2|9,9;2,2|10,9;2,3|10,9;2,3
1,11;11,1|1,10;10,1|2,10;10,1|3,10;9,1|3,11;9,2|4,11;8,2|4,10;7,2|5,10;6,2|6,10;6,2|7,10;5,2|8,10;4,2|9,10;3,2|10,10;3,3|10,9;2,3|10,9;2,3
1,11;11,11|1,11;10,11|1,10;9,11|2,10;9,11|2,9;9,10|2,8;9,10|2,8;8,10|3,8;8,10|4,8;8,10|4,9;7,10|4,10;6,10|4,9;5,10|4,9;4,10|4,10;3,10|5,10;3,10|6,10;2,10|7,10;2,10|8,10;2,10|9,10;2,9|10,10;2,9|10,9;2,9|10,9;2,9
11,1;1,1|10,1;1,2|10,2;1,3|10,3;2,3|10,3;2,3
11,1;1,11|10,1;1,10|10,2;1,9|10,3;2,9|10,3;2,9
11,1;11,11|10,1;10,11|10,1;9,11|10,2;9,10|10,2;8,10|10,2;7,10|10,2;6,10|10,2;5,10|10,2;4,10|10,2;3,10|10,2;3,9|10,3;2,9|10,3;2,9
11,11;1,1|10,11;2,1|10,10;2,2|10,9;2,3|10,9;2,3
11,11;1,11|10,11;1,10|10,10;1,9|10,9;2,9|10,9;2,9
11,11;11,1|11,10;10,1|10,10;9,1|9,10;9,2|9,9;8,2|9,9;7,2|9,10;6,2|9,10;5,2|10,10;4,2|10,10;3,2|10,10;3,3|10,9;2,3|10,9;2,3
