7,2;1,9|8,2;1,9|8,3;2,9|9,3;3,9|9,3;3,9
2,4;9,5|3,4;10,5|4,4;10,5|4,3;10,4|5,3;9,4|5,2;9,5|6,2;9,5|7,2;9,5|7,3;9,4|8,3;9,4|9,3;9,3|9,3;9,3
1,7;9,5|1,7;10,5|1,8;10,6|2,8;10,6|2,9;10,6|3,9;10,6|4,9;10,6|4,10;10,7|5,10;10,8|6,10;10,8|7,10;11,8|8,10;10,8|9,10;10,9|9,9;9,9|9,9;9,9
3,9;2,9|3,10;2,9|4,10;2,10|5,10;3,10|6,10;3,9|7,10;3,9|8,10;3,9|9,10;3,10|9,9;3,9|9,9;3,9
6,11;4,2|6,10;3,2|7,10;3,3|8,10;3,4|9,10;3,4|9,9;3,3|9,9;3,3
2,1;10,1|2,2;10,2|3,2;10,3|4,2;9,3|5,2;10,3|6,2;9,3|7,2;9,2|8,2;10,2|8,3;10,3|9,3;9,3|9,3;9,3
3,8;9,4|3,9;9,3|3,10;9,3|4,10;8,3|5,10;8,4|6,10;8,3|7,10;9,3|8,10;9,2|8,9;9,3|9,9;9,3|9,9;9,3
4,8;9,7|4,9;9,7|5,9;10,7|5,10;10,8|6,10;10,8|7,10;10,7|8,10;10,8|9,10;9,8|9,9;9,9|9,9;9,9
6,7;8,4|6,7;8,3|6,8;8,3|6,9;8,2|6,10;9,2|7,10;8,2|8,10;9,2|8,9;9,3|9,9;9,3|9,9;9,3
10,2;11,9|9,2;10,9|9,3;9,9|9,3;9,9
9,10;6,8|9,10;6,9|9,10;5,9|9,10;4,9|9,9;3,9|9,9;3,9
8,8;3,9|9,8;3,8|9,9;3,9|9,9;3,9
9,10;8,4|9,10;9,4|9,9;9,3|9,9;9,3
4,3;9,11|5,3;9,10|5,2;10,10|6,2;10,11|7,2;9,11|8,2;9,10|8,3;9,10|9,3;9,9|9,3;9,9
5,8;9,8|5,9;9,9|6,9;9,10|6,10;9,11|7,10;9,11|8,10;9,11|8,9;9,10|9,9;9,9|9,9;9,9
11,2;6,8|11,3;5,8|10,3;5,8|10,2;4,8|9,2;3,8|9,3;3,9|9,3;3,9
