9,2;4,2|10,2;3,2|10,1;3,3|10,1;3,4|10,2;3,5|11,2;2,5|11,2;2,6|10,2;2,7|10,2;3,7|9,2;3,8|9,3;3,9|9,3;3,9
11,5;2,8|11,4;3,8|10,4;2,8|10,3;2,9|9,3;3,9|9,3;3,9
9,5;5,2|9,5;5,3|9,4;4,3|10,4;3,3|10,4;3,4|9,4;3,5|8,4;2,5|8,3;2,6|8,4;2,7|8,3;2,8|8,3;3,8|9,3;3,9|9,3;3,9
3,7;8,7|4,7;9,7|5,7;9,8|5,8;10,8|6,8;10,8|6,9;10,7|6,10;10,8|7,10;10,9|8,10;11,9|9,10;10,9|9,9;9,9|9,9;9,9
10,3;1,2|10,4;1,2|10,3;1,3|10,3;2,3|9,3;2,4|9,2;2,5|10,2;2,6|10,1;2,7|10,2;2,8|10,3;2,9|9,3;3,9|9,3;3,9
3,7;3,5|2,7;2,5|2,7;2,6|2,8;2,7|3,8;3,7|3,9;3,8|3,9;3,9|3,9;3,9
2,10;2,5|1,10;2,6|1,10;2,7|1,9;3,7|2,9;3,8|3,9;3,9|3,9;3,9
11,2;10,9|11,3;9,9|10,3;9,9|9,3;9,9|9,3;9,9
5,2;3,1|5,1;3,2|4,1;2,2|4,2;2,3|4,3;2,4|3,3;2,4|3,4;2,5|3,5;2,6|2,5;2,7|2,6;2,8|2,7;2,8|2,8;2,9|3,8;3,9|3,9;3,9|3,9;3,9
1,7;9,1|1,7;9,2|2,7;9,3|2,8;9,4|3,8;9,5|4,8;9,5|5,8;9,5|6,8;10,5|6,9;10,5|6,10;10,6|7,10;10,7|8,10;9,7|9,10;9,8|9,9;9,9|9,9;9,9
7,1;5,3|7,1;5,4|8,1;4,4|9,1;4,5|9,2;3,5|9,3;2,5|9,2;2,6|8,2;2,7|9,2;2,8|9,2;2,9|9,3;3,9|9,3;3,9
3,1;10,4|4,1;10,5|5,1;10,5|5,2;10,6|6,2;10,6|7,2;10,7|7,3;10,8|8,3;10,9|9,3;9,9|9,3;9,9
8,5;7,5|9,5;8,5|8,5;9,5|8,4;10,5|8,3;10,6|9,3;10,7|9,4;10,8|9,3;10,9|9,3;9,9|9,3;9,9
4,11;5,4|4,10;4,4|4,9;3,4|4,8;2,4|3,8;2,5|3,9;2,6|2,9;2,7|1,9;3,7|2,9;3,8|3,9;3,9|3,9;3,9
10,6;2,10|10,5;2,9|10,4;3,9|10,3;2,9|9,3;3,9|9,3;3,9
10,2;3,9|10,3;3,10|9,3;3,9|9,3;3,9
