1,1;1,11|1,1;1,10|1,2;1,9|2,2;1,8|3,2;1,8|4,2;2,8|5,2;2,8|6,2;2,9|7,2;2,9|8,2;2,9|9,2;2,9|10,2;2,9|10,3;2,9|10,3;2,9
1,1;11,1|2,1;11,1|2,2;10,1|2,3;9,1|2,4;9,2|2,5;10,2|2,6;10,3|2,7;10,2|2,8;10,3|2,9;9,3|3,9;9,4|4,9;10,4|4,10;10,4|5,10;11,4|6,10;11,4|7,10;11,4|8,10;10,4|9,10;10,4|10,10;10,3|10,9;10,3|10,9;10,3
1,1;11,11|2,1;11,11|2,1;10,11|2,1;10,10|3,1;9,10|3,2;9,9|4,2;9,8|5,2;10,8|6,2;10,8|7,2;10,8|8,2;10,8|9,2;10,9|9,3;10,9|10,3;10,9|10,3;10,9
1,11;1,1|1,10;1,2|2,10;1,2|3,10;1,2|4,10;1,2|5,10;1,2|6,10;1,2|7,10;1,2|8,10;2,2|9,10;2,3|10,10;2,3|10,9;2,3|10,9;2,3
1,11;11,1|2,11;11,1|2,10;11,1|3,10;11,1|4,10;11,1|5,10;10,1|6,10;10,2|7,10;10,2|8,10;10,2|9,10;10,3|10,10;10,3|10,9;10,3|10,9;10,3
1,11;11,11|1,10;11,11|1,9;11,10|1,8;11,11|2,8;11,10|3,8;11,9|3,9;10,9|4,9;10,10|4,10;10,10|5,10;10,10|6,10;10,10|7,10;10,9|8,10;10,9|9,10;10,9|10,10;10,9|10,9;10,9|10,9;10,9
11,1;1,1|10,1;1,2|10,2;1,3|10,3;2,3|10,3;2,3
11,1;1,11|11,2;2,11|11,3;2,10|10,3;2,9|10,3;2,9
11,1;11,11|11,2;10,11|11,3;10,10|10,3;10,9|10,3;10,9
11,11;1,1|10,11;1,2|10,10;1,3|10,9;2,3|10,9;2,3
11,11;1,11|11,10;1,10|11,9;2,10|11,9;2,9|11,9;2,8|10,9;1,8|10,10;2,8|10,9;2,9|10,9;2,9
11,11;11,1|11,10;11,2|11,9;11,3|10,9;10,3|10,9;10,3
